
-------------
paper>>0
stone>>1

[443,512,459,578,0],
[828,848,683,797,1],
[422,495,439,544,0],
[776,822,631,769,1],
[417,504,436,544,0],
[771,811,618,755,1],
[420,477,428,529,0],
[769,821,583,755,1],
[433,490,461,537,0],
[781,815,644,775,1],
[428,489,418,530,0],
[783,827,655,779,1],
[426,504,448,526,0],
[773,813,559,755,1],
[424,492,442,534,0],
[730,789,520,735,1],
[443,510,433,536,0],
[773,802,564,757,1],
[468,525,452,540,0],
[775,823,564,757,1],
[480,536,416,559,0],
[477,536,414,564,0],
[757,790,554,736,1],
[468,533,428,539,0],
[725,775,510,713,1],
[491,555,443,554,0],
[765,807,569,757,1],
[497,559,423,558,0],
[743,801,559,747,1],
[495,558,435,552,0],
[825,852,707,813,1],
[491,554,439,550,0],
[829,853,733,818,1],
[472,543,447,538,0],
[816,849,699,826,1],
[483,547,415,540,0],
[838,856,770,837,1],
[497,556,426,549,0],
[810,837,647,816,1],
[818,841,674,799,1],
[505,575,396,561,0],
[825,840,629,793,1],
[481,542,405,542,0],
[814,839,616,792,1],
[508,606,407,581,0],
[785,811,563,764,1],
[429,509,415,514,0],
[726,781,491,746,1],
[495,578,391,554,0],
[818,816,555,778,1],
[486,549,384,539,0],
-----end training data-----

[844,852,625,801,1],
[508,599,398,586,0],
[817,832,582,775,1],
[532,615,374,582,0],
[806,825,563,766,1],
[455,516,426,512,0],
[844,848,660,801,1],
[491,572,370,551,0],
[830,848,630,790,1],
[495,581,371,549,0],
[825,846,580,793,1],
[826,839,613,793,1],
[529,619,411,576,0],
[841,850,644,800,1],
[522,612,424,572,0],
[784,801,493,740,1],
[509,606,432,563,0],
[831,840,544,773,1],
[530,603,446,547,0],
[839,843,524,771,1],
---------------------------------
---------------------------------
indexfinger-point>>1
stone>>0

[433,803,594,752,1],
[848,856,687,810,0],
[433,788,586,758,1],
[859,863,717,818,0],
[432,810,599,777,1],
[814,848,691,805,0],
[471,815,576,745,1],
[826,866,727,819,0],
[460,819,569,737,1],
[847,861,639,801,0],
[459,806,592,755,1],
[750,809,502,739,0],
[486,775,536,700,1],
[863,868,679,809,0],
[447,773,613,744,1],
[831,849,614,789,0],
[450,840,584,759,1],
[840,857,642,797,0],
[479,807,587,754,1],
[850,864,658,801,0],
[466,821,570,752,1],
[838,858,617,793,0],
[475,827,620,775,1],
[852,856,633,802,0],
[450,804,582,747,1],
[853,859,601,794,0],
[427,811,581,751,1],
[835,845,566,782,0],
[425,682,505,621,1],
[855,860,667,799,0],
[457,720,491,648,1],
[842,845,627,789,0],
[424,670,499,629,1],
[767,820,608,791,0],
[442,729,500,695,1],
[808,825,574,779,0],

-------------------------------------
------------------------------------
scissors >> 0.5

[410,477,496,670,0.5],
[409,443,521,658,0.5],
[412,439,517,645,0.5],
[424,491,475,617,0.5],
[426,488,490,649,0.5],
[395,425,500,670,0.5],
[420,449,518,676,0.5],
[433,504,536,638,0.5],
[429,486,489,636,0.5],
[432,493,535,647,0.5],
[426,469,523,644,0.5],
[413,451,498,619,0.5],
[406,457,532,627,0.5],
[419,459,525,633,0.5],
[402,440,455,599,0.5],
[434,478,530,626,0.5],
[408,437,488,624,0.5],
[403,422,489,628,0.5],
[415,468,466,632,0.5],
[412,454,513,631,0.5],

-------------------------------------
-------------------------------------
stone >> 0
paper >>1
scissors >>0.5

[824,843,730,789,0.00],
[386,489,377,512,1.00],
[397,431,648,700,0.50],
[377,457,411,492,1.00],
[804,843,752,793,0.00],
[421,484,578,718,0.50],
[406,489,418,517,1.00],
[827,839,695,788,0.00],
[408,447,570,704,0.50],
[404,472,400,504,1.00],
[816,842,708,804,0.00],
[406,456,558,684,0.50],
[397,471,383,510,1.00],
[844,857,742,810,0.00],
[409,459,578,689,0.50],
[399,474,408,509,1.00],
[822,837,665,789,0.00],
[417,451,570,724,0.50],
[394,466,357,518,1.00],
[804,831,695,795,0.00],
[410,442,590,738,0.50],
[394,460,383,509,1.00],
[804,841,695,799,0.00],
[444,443,696,751,0.50],
[388,449,399,491,1.00],
[834,850,729,810,0.00],
[427,479,695,746,0.50],
[391,474,352,516,1.00],
[829,849,722,810,0.00],
[445,445,634,723,0.50],
[397,461,390,496,1.00],
[839,853,718,808,0.00],
[434,482,703,728,0.50],
[394,471,402,500,1.00],
[843,853,727,799,0.00],
[412,465,692,708,0.50],
[391,470,410,502,1.00],
[832,851,737,806,0.00],
[411,451,669,701,0.50],
[402,478,405,517,1.00],
[836,857,696,809,0.00],
[414,461,636,707,0.50],
[394,472,406,514,1.00],
[839,856,690,808,0.00],

-------------------------------
-------------------------------
paper >>1
stone>>0

[427,485,436,539,1.00],
[805,835,690,813,0.00],
[380,462,386,491,1.00],
[848,858,729,841,0.00],
[381,494,438,522,1.00],
[835,859,736,843,0.00],
[385,509,437,508,1.00],
[402,534,448,534,1.00],
[837,863,748,847,0.00],
[396,542,439,539,1.00],
[851,863,731,839,0.00],
[446,584,478,579,1.00],
[861,867,722,838,0.00],
[445,577,461,553,1.00],
[836,858,726,832,0.00],
[406,548,458,521,1.00],
[825,849,671,814,0.00],
[429,563,471,543,1.00],
[809,850,681,818,0.00],
[436,569,454,541,1.00],
[846,868,737,836,0.00],
[447,580,456,558,1.00],
[825,851,674,819,0.00],
[447,579,476,553,1.00],
[825,842,620,807,0.00],
[447,584,468,554,1.00],
[840,855,691,830,0.00],
[439,583,464,554,1.00],
[779,831,625,803,0.00],
[456,585,466,560,1.00],
[777,815,604,787,0.00],
[468,585,449,561,1.00],
[832,850,660,816,0.00],
[454,576,458,540,1.00],
[777,824,571,791,0.00],
[418,571,455,536,1.00],
[811,834,607,791,0.00],
[445,584,472,546,1.00],
[797,831,593,786,0.00],
[450,586,472,560,1.00],
[809,854,653,813,0.00],
[465,605,468,565,1.00],
[780,821,564,776,0.00],
[476,603,464,572,1.00],
[788,820,571,768,0.00],
[487,608,452,576,1.00],
[770,813,576,768,0.00],
[496,614,472,575,1.00],
[765,816,598,760,0.00],
[484,603,471,574,1.00],
[788,831,633,787,0.00],
[493,613,464,580,1.00],
[801,819,571,770,0.00],--------------------------
--------------------------
stone>>0
scissors>>1

[864,865,743,833,0.00],
[461,570,582,717,1.00],
[846,873,779,837,0.00],
[446,560,547,723,1.00],
[837,872,788,838,0.00],
[435,560,544,707,1.00],
[842,868,794,840,0.00],
[447,563,550,636,1.00],
[816,866,781,836,0.00],
[442,562,552,654,1.00],
[805,859,718,808,0.00],
[448,566,553,663,1.00],
[759,845,756,805,0.00],
[448,560,566,671,1.00],
[832,862,787,829,0.00],
[461,560,539,722,1.00],
[804,859,796,828,0.00],
[463,561,580,690,1.00],
[758,846,787,818,0.00],
[464,561,589,703,1.00],
[771,847,769,812,0.00],
[469,559,562,704,1.00],
[794,851,791,819,0.00],
[469,563,595,688,1.00],
[769,840,763,803,0.00],
[465,568,590,675,1.00],
[747,852,792,817,0.00],
[463,567,574,721,1.00],
[796,857,752,809,0.00],
[461,564,598,698,1.00],
[844,858,752,807,0.00],
[456,562,585,656,1.00],
[794,846,811,806,0.00],
[481,580,544,650,1.00],
[836,837,757,804,0.00],
[477,584,577,677,1.00],
[832,861,807,823,0.00],
[500,623,579,727,1.00],
[823,860,754,805,0.00],
[509,633,515,707,1.00],
[829,861,706,799,0.00],

[520,637,502,727,1.00],
[829,860,692,805,0.00],
[455,570,526,648,1.00],
[826,868,794,825,0.00],
[461,569,519,648,1.00],
[813,868,795,822,0.00],
[481,590,516,645,1.00],
[827,870,789,821,0.00],
[824,870,789,821,0.00],
[509,601,556,710,1.00],--------------------------
-------------------------