paper >> 1
scissor >> 2
stone >> 0

test set
[466,470,374,360,1],
[652,497,413,671,2],
[611,772,764,766,0],
[472,459,401,360,1],
[590,486,411,556,2],
[564,703,707,705,0],
[492,513,480,435,1],
[712,453,409,692,2],
[663,711,753,747,0],


training set
-------
[493,473,401,388,1],
[601,507,423,600,2],
[605,819,792,786,0],
[516,471,413,393,1],
[626,484,428,736,2],
[580,772,755,755,0],
[496,473,419,395,1],
[599,499,432,613,2],
[738,439,385,777,2],
[517,752,710,724,0],
[785,920,889,901,0],
[587,820,793,781,0],
[496,470,442,406,1],
[469,423,422,379,1],
[669,449,405,635,2],4
[603,769,761,778,0],
[489,453,406,380,1],
[494,480,429,393,1],
[667,476,413,609,2],
[674,485,424,627,2],
[662,811,777,813,0],
[737,879,839,883,0],
[733,876,838,882,0],
[648,457,395,645,2],
[694,848,800,826,0],
[489,473,415,387,1],
[736,494,410,750,2],
[478,470,396,379,1],
[466,451,416,382,1],
[741,905,842,854,0],
[615,826,765,745,0],
[621,483,409,583,2],
[463,465,405,358,1],
[477,466,393,371,1],
[655,479,398,620,2],
[663,794,771,788,0],
[526,476,404,505,2],
[652,742,745,769,0],
[467,449,392,358,1],
[648,499,405,674,2],
[829,444,391,824,2],
[615,511,430,584,2],  