trained data for hand gesture with 4 sensor glove
stone>>0
scissors>>1
index-A0
middle-A1
palm-A2
ring-A3

hidden layer 1 (6 neurones)
[94.99009078978655, -80.28265261536156, -1.3179700257223015], 
[1.7741518577057445, 15.075623714418846, 0.629514574569278], 
[-64.46804729374666, 55.70390263962958, 0.3034584328467833], 
[-77.90667969426214, 65.2255504484234, 1.2852614140446983], 
[8.96999818269668, 10.130663889558868, -0.4495567112224083], 
[86.09300220574555, -76.13260548014307, -0.482305764599972]

hidden layer 2 (3 neurones)
[3.722133450704482, -1.0452108961158908, -1.1586195028342425], 
[-3.303220177221799, -4.695097367829354, 2.843882819282218], 
[-0.817791931943648, 3.024191522484819, -1.360169711598613]

output layer (1 neurone)
[-3.166769667758916, -7.697086891190908, -2.398300576633188, 5.802835601669731]


-- init random start value------
[-0.6398095613769781, 0.24085347480744299, 0.5116898826513802], 
[0.4919218404735368, 1.0063061105892261, 0.2086565792898056], 
[1.1011179493783574, -0.35965612495259386, 1.8178801883594429], 
[0.07681730160025452, -0.4075191660335301, -0.747995794754795], 
[-1.0858485592684455, 0.9186378990794949, -0.4689066503433747], 
[-0.11363764284370992, 1.5038698675506639, -0.15518985491268453]

[-0.5514317707966803, -0.6426580856705112, -0.5213810221139861], 
[0.46511602139817493, -0.891357331557217, -0.5166935050766026], 
[0.7597803198329951, -0.559131756844601, -0.521379473172505]]

[-1.1351382526397427, -0.18506649254926189, 1.86688769369197, -0.5660793459841102]
----------end init------------------

training cycle (100000)
calculated value
hidden layer 1 (6 neurones)
[6.48672495444133, 9.825122024249843, 0.5313500171753838], 
[8.109262668252114, 8.984115784187434, 0.22555635746701547], 
[172.20859172405326, -153.2306118428586, -0.006113234278039813], 
[7.5711281289302415, 16.025660364318593, -0.6927484427901544], 
[10.351779423767818, 12.64521962558383, -0.4461981826953348], 
[-7.840038473525527, -8.80687054368651, -0.17148469650889994]]

hidden layer 2 (3 neurones)
[-0.9401314219815835, -1.0343381395418225, -0.9617525412340328], 
[6.050237482823794, -3.0099440011909953, -2.6736989764363117], 
[0.17887450375920388, -0.4641276875611697, -1.0037971920615611]

output layer (1 neurone)
[-0.6456550195423254, -9.65293762836648, 1.250208353819676, 2.793866100957889]

------------------------------------
training cycle (10000)



	
[7.16414556240342, 10.189044577395071, 0.12746569199064678], 
[-5.150650953523858, -8.54754335444175, -0.6856720754496428], 
[-7.4399646308583325, -8.735717529631085, 0.09641561727665139], 
[80.9977458262847, -70.92924481139701, 0.8363324587604142], 
[-8.35621184148204, -7.287305666459313, -0.005948920074881839], 
[-6.357593385993408, -8.231625607938254, 0.19785626098404235]

hidden layer 2 (3 neurones)
[0.32745189227127663, -0.2968595454254292, -0.13019915037779942], 
[-0.8525781051318647, -5.7879095398958835, 3.505100979713824], 
[-0.5490931740353245, -0.9390212299975618, -0.5313086648382227]

output layer (1 neurone)
[-0.27890568612523814, 7.696617840861746, -0.2308205870326803, -3.504538272027681]